702
773
935
348
517
994
73
264
111
284
167
812
801
673
765
693
615
92
747
888
46
597
358
184
685
468
617
917
189
827
399
236
387
989
572
261
451
42
402
835
234
889
518
540
88
397
610
483
132
470
329
764
526
703
337
599
609
373
380
821
405
587
507
771
172
273
761
470
25
31
283
930
515
519
812
301
718
389
667
207
396
495
540
1000
71
535
466
333
305
172
743
291
913
918
995
424
512
10
872
812
537
798
588
739
12
48
842
599
784
836
119
136
654
225
254
806
209
26
344
114
813
62
277
524
426
298
466
201
770
601
47
366
487
945
698
515
968
533
565
108
527
931
326
349
758
300
972
896
928
940
542
371
869
778
794
582
532
616
713
651
202
379
280
435
105
531
575
634
264
58
481
202
141
429
259
775
789
483
15
919
962
277
541
197
791
260
676
902
124
68
58
538
918
749
245
696
895
484
84
757
112
329
619
726
513
107
587
754
269
930
845
848
761
583
378
816
586
517
555
516
754
587
35
741
529
598
25
469
149
502
192
405
491
960
727
35
850
292
2
804
111
738
859
217
876
140
315
33
374
699
196
768
421
568
864
871
596
913
895
59
66
273
282
433
116
563
49
719
30
172
223
978
538
542
271
853
578
568
282
531
97
967
239
167
485
373
777
458
504
457
580
152
934
71
482
525
940
621
19
879
576
991
778
600
115
370
514
637
364
500
160
335
892
89
215
46
673
259
105
553
535
343
269
691
696
489
406
783
909
144
922
294
34
995
832
18
317
549
617
448
7
223
728
475
273
627
520
417
530
291
110
809
154
573
588
692
474
730
256
865
919
3
967
165
166
723
143
913
638
953
738
462
643
264
566
630
712
754
877
833
829
237
210
167
871
18
999
576
889
125
850
244
444
653
542
282
380
305
256
752
180
977
520
442
822
200
348
495
758
301
519
819
914
414
869
42
781
633
76
385
598
664
620
850
814
257
24
223
756
672
629
676
174
845
764
770
556
230
633
588
271
736
519
990
268
103
122
340
373
682
215
77
901
594
729
131
886
828
824
982
654
35
212
791
510
514
494
657
620
673
511
635
204
971
914
778
170
469
891
648
517
693
437
594
145
892
693
383
176
167
824
161
424
649
320
99
873
870
906
632
105
611
566
416
991
699
7
399
328
920
62
788
302
845
585
401
141
951
864
259
46
796
578
455
1000
335
44
522
460
567
286
145
31
34
153
704
553
759
713
509
716
830
190
129
463
441
110
506
883
352
484
667
315
840
571
202
326
364
56
518
414
289
987
330
979
901
535
401
803
958
884
478
11
664
425
479
209
608
65
815
785
30
867
592
71
809
295
235
455
113
248
97
698
605
343
155
168
61
72
4
873
272
500
346
572
369
333
81
905
114
868
575
929
902
178
507
26
253
9
83
523
11
603
451
360
380
459
40
880
926
67
965
621
654
395
384
731
257
693
149
319
198
101
362
274
492
374
165
580
855
501
113
980
482
824
726
251
722
323
859
964
375
342
472
286
380
840
991
60
696
908
927
255
909
562
592
377
673
30
572
968
353
232
377
556
850
766
210
579
285
538
94
557
862
290
441
343
463
168
936
232
810
867
568
163
825
639
769
830
151
190
275
898
65
267
920
301
727
212
790
981
201
350
995
31
642
120
203
17
916
596
559
905
930
533
844
546
947
588
134
126
952
494
94
884
555
997
540
737
724
287
328
535
195
806
200
895
211
613
304
20
765
383
543
243
811
901
235
242
15
351
332
210
237
221
579
672
781
815
665
464
133
473
460
574
666
344
610
185
454
839
632
373
822
22
254
983
22
566
579
73
30
479
447
84
653
101
304
538
668
522
666
718
739
959
698
741
456
504
81
472
95
779
63
29
706
265
357
46
775
728
576
320
740
601
602
168
456
41
254
544
565
235
211
626
80
600
198
295
120
480
963
962
505
225
26
743
379
603
2
899
909
499
129
920
66
629
494
430
671
682
364
614
916
353
576
611
802
690
726
813
53
972
42
510
672
186
253
864
411
585
384
539
604
985
376
705
137
833
2
420
785
598
61
532
404
848
486
54
541
200
928
355
518
4
707
567
659
567
195
1
316
638
670
88
471
287
663
518
133
805
216
503
8
887
591
650
418
102
489
353
341
724
478
269
94
80
494
870
510
104
80
137
375
339
606
155
376
913
113
467
269
496
609
800
88
121
522
941
236
115
758
678
863
471
40
591
366
480
17
297
417
173
708
523
125
573
681
327
798
548
250
908
155
529
319
578
720
486
237
727
870
129
568
796
350
622
588
472
91
76
433
309
781
765
979
18
649
254
698
928
371
889
20
